     user     system      total        real
   0.000908   0.005126   7.771035 (  3.983103)
   0.001000   0.009737  13.487053 (  3.998050)
   0.000833   0.006181   3.320784 (  3.806780)
   0.001806   0.008609  10.378023 (  3.682800)
   0.000921   0.009485   9.911611 (  3.582680)
   0.001052   0.009756  14.818290 (  3.927664)
   0.000905   0.007314   5.064532 (  3.178828)
   0.000947   0.007276   8.711598 (  3.903695)
   0.000949   0.006709  10.886426 (  3.694470)
   0.000879   0.004913  10.094398 (  3.591069)
   0.000979   0.006921   9.871142 (  3.601722)
   0.000826   0.006508   9.904231 (  3.608920)
   0.000911   0.008216   9.593702 (  3.581012)
   0.000953   0.010545   9.808603 (  3.785669)
   0.000891   0.008811  14.597504 (  3.725828)
   0.000892   0.005395   7.986265 (  3.825799)
   0.000883   0.006501  15.115731 (  3.926699)
   0.000482   0.004666   3.294878 (  3.766742)
   0.000965   0.008016  15.059390 (  3.816321)
   0.000926   0.006544  11.330655 (  3.602857)
   0.001028   0.009786   3.196211 (  3.682579)
   0.000938   0.008496  16.401683 (  4.428858)
   0.000914   0.008055   6.097067 (  3.596941)
   0.000985   0.007827  16.475237 (  3.820827)
   0.000976   0.008620   8.730952 (  4.103746)
   0.000835   0.009052   5.881457 (  3.709696)
   0.000827   0.007217   9.984852 (  3.474050)
   0.000911   0.007412   9.710865 (  3.795477)
   0.000783   0.008468  15.917404 (  3.449743)
   0.001084   0.010958   9.670569 (  3.776060)
   0.000998   0.006907   4.402196 (  3.472000)
   0.000775   0.006374  13.183513 (  3.488601)
   0.000829   0.008297   9.304413 (  3.684025)
   0.001072   0.011629   7.091817 (  3.597514)
   0.001006   0.008367   9.912896 (  3.253240)
   0.000927   0.005916   8.967507 (  3.576235)
   0.000992   0.007742   6.289432 (  3.292278)
   0.000939   0.008765   9.093294 (  3.577988)
   0.000735   0.006061   8.448017 (  3.553798)
   0.000878   0.005955  11.750537 (  3.692530)
   0.001031   0.011071   5.575899 (  3.158213)
   0.001052   0.009304   9.824902 (  3.367568)
   0.001072   0.010158   8.521412 (  3.491242)
   0.001073   0.009096   7.520214 (  3.704308)
   0.000989   0.007008  10.256245 (  3.283613)
   0.001082   0.009028   4.744125 (  3.693877)
   0.001040   0.011640  11.813523 (  3.363524)
   0.000931   0.007580   9.972285 (  3.468766)
   0.002368   0.010097   6.605584 (  3.391749)
   0.001022   0.008389   7.866955 (  3.371454)
   0.000913   0.004998  11.093815 (  3.502017)
   0.000542   0.004817   8.748248 (  3.486194)
   0.000726   0.005295   8.418507 (  3.494853)
   0.000831   0.006065   6.265393 (  3.488380)
   0.000888   0.006008   6.787448 (  3.494381)
   0.000828   0.005039  15.127598 (  3.998223)
   0.000687   0.005044   3.842489 (  3.195104)
   0.001165   0.010750  10.065501 (  3.256188)
   0.000997   0.010341   8.875062 (  3.580677)
   0.000848   0.005753   7.130929 (  3.678547)
   0.001045   0.008227  11.931345 (  3.788197)
   0.000609   0.004319   5.122429 (  3.571998)
   0.000928   0.008788   7.246876 (  3.259797)
   0.000949   0.008426  17.398571 (  6.752867)
   0.000969   0.006113  12.886125 (  3.276513)
   0.001118   0.008785  15.985766 (  3.831846)
   0.001025   0.008171   9.985777 (  3.781907)
   0.000828   0.008798  11.257439 (  4.090030)
   0.000864   0.005957   3.206459 (  3.684634)
   0.001009   0.010207  16.844234 (  3.887217)
   0.000961   0.006638   3.090256 (  3.580568)
   0.001032   0.008858  14.308908 (  3.936590)
   0.000889   0.006810   5.478415 (  3.474706)
   0.000971   0.008239  11.549077 (  3.897431)
   0.000884   0.007408  13.621910 (  3.387914)
   0.000893   0.007332   3.222345 (  3.698773)
   0.000952   0.006885  15.039332 (  3.893956)
   0.000803   0.007092  13.222561 (  6.956845)
   0.000864   0.010020  16.661513 (  3.387162)
   0.000983   0.006985  15.033289 (  6.849461)
   0.000952   0.007191  13.683614 (  3.353419)
   0.000587   0.004970   9.097721 (  3.633298)
   0.001047   0.007408  28.894660 (  6.865318)
   0.000860   0.006356   9.169688 (  4.331785)
   0.001068   0.007243   6.113853 (  3.819755)
   0.000960   0.005462  10.250096 (  3.462069)
   0.001046   0.006750  15.344323 (  3.640172)
   0.000870   0.007006   2.936983 (  3.422642)
   0.001131   0.007636  13.056165 (  3.572933)
   0.000876   0.005539   9.600294 (  3.849483)
   0.000572   0.003660  11.244834 (  3.652579)
   0.000813   0.005736   9.937076 (  3.863741)
   0.001003   0.008246   9.167072 (  3.691510)
   0.001514   0.005724   9.749230 (  3.842818)
   0.000541   0.003111  10.182462 (  3.939755)
   0.000585   0.003748   9.719333 (  3.791222)
   0.000580   0.003065   7.612596 (  3.885196)
   0.000601   0.004039   9.493994 (  3.817187)
   0.000690   0.006122  11.640674 (  3.603057)
   0.001021   0.007140   7.318692 (  3.669843)
   0.001067   0.009615  10.197546 (  3.329152)
   0.000923   0.008097   8.326008 (  3.557424)
   0.000896   0.006586   5.265840 (  3.398645)
   0.001119   0.010859  13.512016 (  4.006480)
   0.001116   0.009447   7.760183 (  3.254459)
   0.000991   0.008436   3.933648 (  3.343445)
   0.000896   0.008900   7.268002 (  3.538030)
   0.001072   0.007382  14.652470 (  3.453165)
   0.001115   0.008561   9.136100 (  3.679273)
   0.000888   0.007910   9.914681 (  3.851664)
   0.000976   0.007013   4.135453 (  3.338262)
   0.001108   0.009669   8.993797 (  3.571414)
   0.001122   0.009467  10.350008 (  2.930314)
   0.001119   0.008713   7.096601 (  3.314610)
   0.000943   0.006412  10.045342 (  3.437672)
   0.001019   0.007905   5.512806 (  3.528784)
   0.000969   0.007290  12.443561 (  3.533728)
   0.000959   0.008950   6.092590 (  3.427962)
   0.000935   0.008713  10.369899 (  3.966433)
   0.000958   0.008938  12.235679 (  3.796596)
   0.001039   0.006939   3.266524 (  3.758163)
   0.000942   0.007586  13.526289 (  6.768070)
   0.001072   0.010059  23.561715 (  3.796965)
   0.000832   0.005587  10.888101 (  4.186509)
   0.000986   0.006581   6.077021 (  3.817439)
   0.000812   0.006492   9.750529 (  3.068742)
   0.000850   0.007835  12.747748 (  3.768229)
   0.001037   0.008477   5.907590 (  3.958194)
   0.001068   0.009098  16.360226 (  4.070896)
   0.000845   0.009321   6.026371 (  3.871995)
   0.001109   0.009383  13.886417 (  3.455186)
   0.000966   0.007610   8.389944 (  6.867973)
   0.000893   0.006783  20.023214 (  4.302597)
   0.000955   0.009015  15.819127 (  3.576733)
   0.000934   0.009648  10.567641 (  4.015380)
   0.001035   0.012506  10.658818 (  3.964999)
   0.000996   0.010222   5.902555 (  3.867815)
   0.000982   0.009861  11.878049 (  3.636235)
   0.002423   0.009850  20.828636 (  6.758269)
   0.001066   0.009388  13.987723 (  4.091328)
   0.001165   0.010742  13.877038 (  3.970156)
   0.000951   0.009125  12.715167 (  4.463638)
   0.000931   0.006023   2.552273 (  3.033954)
   0.000975   0.010151  13.476057 (  3.425617)
   0.000994   0.009078   3.013650 (  3.495418)
   0.000983   0.009488   9.456597 (  3.459592)
   0.001060   0.008662  16.565080 (  3.907159)
   0.000895   0.006092   7.599661 (  3.557155)
   0.000860   0.007811   4.765144 (  3.629128)
   0.001080   0.009198  11.752735 (  3.450204)
   0.001119   0.009963  10.898102 (  3.527691)
   0.001069   0.008273   6.566315 (  3.360919)
   0.001069   0.009049  10.976172 (  3.685201)
   0.001049   0.009737   9.381185 (  3.581911)
   0.001110   0.010181   9.817612 (  3.764288)
   0.001035   0.006724   9.444008 (  3.646005)
   0.000958   0.010119  11.287174 (  3.669934)
   0.001020   0.008183   6.436707 (  3.450879)
   0.000964   0.008168   9.084678 (  3.598751)
   0.001008   0.008255  10.683235 (  3.454805)
   0.000965   0.008199   9.573607 (  3.679730)
   0.001110   0.009491   4.075685 (  3.125339)
   0.001099   0.007736   7.636886 (  3.474292)
   0.001091   0.007121  10.554659 (  3.467631)
   0.001074   0.007801  12.856238 (  3.979475)
   0.000970   0.008015   9.505137 (  3.770031)
   0.001105   0.009471   9.585738 (  3.772048)
   0.001121   0.008786   9.248322 (  3.680014)
   0.001014   0.007419   9.836382 (  3.822784)
   0.001026   0.008058   4.052682 (  3.302184)
   0.000936   0.008147   8.813115 (  3.676898)
   0.001047   0.007351  13.614164 (  3.634910)
   0.000880   0.007177   8.651922 (  3.533096)
   0.000981   0.008055   7.385058 (  3.730873)
   0.000755   0.007265   6.425370 (  3.206091)
   0.000926   0.007563  11.082480 (  3.862027)
   0.001037   0.007849   9.539372 (  3.681898)
   0.001026   0.006982  11.821419 (  3.797985)
   0.000935   0.008010   6.693805 (  3.430633)
   0.000991   0.009047   8.981438 (  3.567481)
   0.001027   0.009076  12.269702 (  3.866838)
   0.000965   0.007757   7.963982 (  3.859520)
   0.000926   0.007106   5.134242 (  3.202243)
   0.001036   0.008544  14.801471 (  4.454013)
   0.001141   0.008345   5.957849 (  3.426432)
   0.000952   0.007518  10.496268 (  3.614851)
   0.000879   0.007664  22.248902 (  6.868936)
   0.000958   0.008612   8.178193 (  3.765355)
   0.000974   0.009214  19.019755 (  6.973947)
   0.000928   0.008178  14.568755 (  3.892681)
   0.000994   0.007230  10.629073 (  3.685821)
   0.001097   0.009220  18.219961 (  6.977789)
   0.000945   0.007253  17.728079 (  3.258407)
   0.000999   0.008554   4.968119 (  3.523239)
   0.001101   0.009313  14.787215 (  4.050435)
   0.000962   0.008423  14.785685 (  6.876316)
   0.000925   0.008070  13.188230 (  3.305438)
   0.001014   0.009282  11.750402 (  6.855157)
   0.000991   0.008738  19.155716 (  3.433710)
   0.001077   0.009171  12.325929 (  6.871364)
   0.001136   0.009575  24.123929 (  3.741402)
   0.000958   0.007888   5.349490 (  3.542778)
   0.000963   0.007722  11.428712 (  3.649317)
   0.000940   0.007793  15.611877 (  4.118119)
   0.001052   0.008880   3.471808 (  3.974601)
   0.000999   0.008478  10.857889 (  3.431198)
   0.001013   0.006979  12.425521 (  6.854709)
   0.001094   0.008394  24.691277 (  3.856678)
   0.000721   0.007858   4.892943 (  3.474041)
   0.000760   0.008748  12.706087 (  6.985394)
   0.000996   0.007051  22.584333 (  3.355864)
   0.000877   0.005554   9.542964 (  3.650475)
   0.000969   0.008084  11.379614 (  3.698171)
   0.000700   0.007151   5.216637 (  3.363643)
   0.000895   0.006543  12.619746 (  3.737272)
   0.001021   0.008700   9.114209 (  3.676900)
   0.000971   0.007475   9.421140 (  3.696338)
   0.000960   0.009378   6.981083 (  3.527592)
   0.001080   0.010215   9.056748 (  3.520121)
   0.000968   0.008306   8.688659 (  3.444170)
   0.000729   0.007409  10.992840 (  3.528497)
   0.000924   0.006649   8.909420 (  3.568026)
   0.001058   0.008045   5.939179 (  3.414675)
   0.000823   0.007004   6.904319 (  3.242680)
   0.001044   0.009127  11.023796 (  3.718407)
   0.000904   0.009692  12.531280 (  3.965896)
   0.000966   0.006968   6.812034 (  3.470698)
   0.002230   0.008810   6.182435 (  3.354176)
   0.001015   0.007440   8.728127 (  3.230971)
   0.001034   0.008306  10.003729 (  3.428626)
   0.001009   0.007661  12.524005 (  4.008220)
   0.000949   0.009889   8.938426 (  3.656534)
   0.000883   0.006858   4.893562 (  3.219282)
   0.001008   0.009184  11.974620 (  3.632133)
   0.000993   0.007184   2.961720 (  3.459905)
   0.000965   0.009614  14.820003 (  3.533614)
   0.000937   0.007377   7.709692 (  3.246340)
   0.000986   0.007593   8.397895 (  3.471883)
   0.000766   0.007684   9.014596 (  3.619603)
   0.001036   0.007286   9.762175 (  3.788229)
   0.001013   0.008617   3.267574 (  3.762770)
   0.000929   0.008863  10.437396 (  3.749035)
   0.000953   0.009116  10.626215 (  4.205797)
   0.001053   0.009927  20.384563 (  6.776855)
   0.001116   0.009102  22.515716 (  4.409006)
   0.000953   0.007679   3.948402 (  4.440982)
   0.001073   0.009792  12.507057 (  3.791760)
   0.001071   0.010211  13.731925 (  6.982902)
   0.000956   0.006252  20.282892 (  3.989621)
   0.001126   0.010436  10.758305 (  3.641530)
   0.000922   0.008532   9.854618 (  3.760905)
   0.001102   0.007439  14.890227 (  3.826358)
   0.001045   0.009341   5.092399 (  3.100849)
   0.001086   0.010819   8.225393 (  3.543637)
   0.000999   0.009031   9.419895 (  3.522203)
   0.000905   0.008679  17.997565 (  6.762518)
   0.001000   0.008338  21.004064 (  4.090941)
   0.000971   0.006560   3.818501 (  4.306569)
   0.001078   0.007969  13.936057 (  3.898054)
   0.000983   0.009707  17.606666 (  6.875319)
   0.000870   0.007720  13.098967 (  3.248777)
   0.000954   0.007371   8.482884 (  3.578656)
   0.000887   0.007734  13.075588 (  6.971303)
   0.000917   0.008138  27.704128 (  4.076372)
   0.001020   0.007966  10.084641 (  3.837922)
   0.001034   0.008592   5.025712 (  3.791648)
   0.000872   0.008010  17.079740 (  6.972202)
   0.000946   0.008107  19.300066 (  3.912839)
   0.000933   0.006451   8.845488 (  6.883422)
   0.000952   0.009121  22.786002 (  6.999415)
   0.001035   0.008434  26.770203 (  3.908195)
   0.001905   0.010151  10.880325 (  4.011459)
   0.001046   0.008857   6.219945 (  3.319552)
   0.001048   0.008100   9.035363 (  3.623952)
   0.001037   0.007659   7.994351 (  3.208364)
   0.000980   0.008024  10.026050 (  3.379700)
   0.001058   0.008439   7.332654 (  3.678708)
   0.001079   0.007477   6.870585 (  3.639145)
   0.000984   0.007580  12.594923 (  3.861260)
   0.001006   0.007168  11.989835 (  3.796572)
   0.000956   0.009628   9.147364 (  3.627696)
   0.000914   0.005298   5.349081 (  3.440543)
   0.000963   0.007761  13.532815 (  3.875486)
   0.001094   0.008874   7.745937 (  3.308984)
   0.000736   0.007400   2.839134 (  3.320174)
   0.001117   0.007570  15.415528 (  3.793404)
   0.000909   0.007951   7.080317 (  3.562742)
   0.001111   0.008973   8.968939 (  3.554633)
   0.001161   0.007759  10.267403 (  3.382677)
   0.000898   0.008517   5.517083 (  3.239495)
   0.000897   0.006881   6.679787 (  3.508828)
   0.001026   0.007804  11.966935 (  3.754921)
   0.001000   0.009600  11.089464 (  3.592971)
   0.000923   0.006439   7.509605 (  3.846197)
   0.000981   0.008454   8.951660 (  3.383123)
   0.001091   0.009254   9.222146 (  3.739847)
   0.000942   0.009736  10.960110 (  3.455054)
   0.000998   0.010487   7.547805 (  3.788246)
   0.000864   0.007049  10.080842 (  3.302883)
   0.000917   0.007094   7.660733 (  3.824389)
resultsTrue10[0, 0, 0, 0, 0, 0, 0, 0, 0, 0, 0, 0, 0, 0, 0, 0, 0, 0, 0, 0, 0, 0, 0, 0, 0, 0, 0, 0, 0, 0]
resultsFalse10[1, 1, 1, 1, 1, 1, 1, 1, 1, 1, 1, 1, 1, 1, 1, 1, 1, 1, 1, 1, 1, 1, 1, 1, 1, 1, 1, 1, 1, 1]
resultsTrue30[0, 0, 0, 1, 0, 0, 0, 0, 0, 0, 0, 0, 0, 0, 0, 0, 0, 1, 0, 1, 0, 0, 1, 0, 0, 0, 0, 0, 0, 0]
resultsFalse30[1, 1, 1, 1, 1, 1, 1, 1, 1, 1, 1, 1, 1, 1, 1, 1, 1, 1, 1, 1, 1, 1, 1, 1, 1, 1, 1, 1, 1, 1]
resultsTrue50[0, 1, 0, 0, 0, 0, 0, 0, 0, 0, 0, 1, 0, 0, 0, 0, 0, 0, 1, 0, 0, 0, 0, 0, 0, 0, 0, 0, 0, 0]
resultsFalse50[1, 1, 1, 1, 1, 1, 1, 1, 1, 1, 1, 1, 1, 1, 1, 1, 1, 1, 1, 1, 1, 1, 1, 1, 1, 1, 1, 1, 1, 1]
resultsTrue70[0, 0, 0, 0, 0, 0, 1, 0, 1, 0, 0, 1, 0, 0, 0, 1, 0, 1, 0, 1, 0, 0, 0, 0, 0, 0, 1, 0, 0, 1]
resultsFalse70[1, 1, 1, 1, 1, 1, 1, 1, 1, 1, 1, 1, 1, 1, 1, 1, 1, 1, 1, 1, 1, 1, 1, 1, 1, 1, 1, 1, 1, 1]
resultsTrue100[0, 0, 0, 1, 0, 0, 0, 1, 0, 0, 0, 0, 0, 0, 0, 1, 0, 0, 0, 1, 0, 0, 1, 0, 0, 0, 1, 0, 1, 1]
resultsFalse100[1, 1, 1, 1, 1, 1, 1, 1, 1, 1, 1, 1, 1, 1, 1, 1, 1, 1, 1, 1, 1, 1, 1, 1, 1, 1, 1, 1, 1, 1]
  0.000908   0.005126   7.771035 (  3.983103)
  0.001000   0.009737  13.487053 (  3.998050)
  0.000833   0.006181   3.320784 (  3.806780)
  0.001806   0.008609  10.378023 (  3.682800)
  0.000921   0.009485   9.911611 (  3.582680)
  0.001052   0.009756  14.818290 (  3.927664)
  0.000905   0.007314   5.064532 (  3.178828)
  0.000947   0.007276   8.711598 (  3.903695)
  0.000949   0.006709  10.886426 (  3.694470)
  0.000879   0.004913  10.094398 (  3.591069)
  0.000979   0.006921   9.871142 (  3.601722)
  0.000826   0.006508   9.904231 (  3.608920)
  0.000911   0.008216   9.593702 (  3.581012)
  0.000953   0.010545   9.808603 (  3.785669)
  0.000891   0.008811  14.597504 (  3.725828)
  0.000892   0.005395   7.986265 (  3.825799)
  0.000883   0.006501  15.115731 (  3.926699)
  0.000482   0.004666   3.294878 (  3.766742)
  0.000965   0.008016  15.059390 (  3.816321)
  0.000926   0.006544  11.330655 (  3.602857)
  0.001028   0.009786   3.196211 (  3.682579)
  0.000938   0.008496  16.401683 (  4.428858)
  0.000914   0.008055   6.097067 (  3.596941)
  0.000985   0.007827  16.475237 (  3.820827)
  0.000976   0.008620   8.730952 (  4.103746)
  0.000835   0.009052   5.881457 (  3.709696)
  0.000827   0.007217   9.984852 (  3.474050)
  0.000911   0.007412   9.710865 (  3.795477)
  0.000783   0.008468  15.917404 (  3.449743)
  0.001084   0.010958   9.670569 (  3.776060)
  0.000998   0.006907   4.402196 (  3.472000)
  0.000775   0.006374  13.183513 (  3.488601)
  0.000829   0.008297   9.304413 (  3.684025)
  0.001072   0.011629   7.091817 (  3.597514)
  0.001006   0.008367   9.912896 (  3.253240)
  0.000927   0.005916   8.967507 (  3.576235)
  0.000992   0.007742   6.289432 (  3.292278)
  0.000939   0.008765   9.093294 (  3.577988)
  0.000735   0.006061   8.448017 (  3.553798)
  0.000878   0.005955  11.750537 (  3.692530)
  0.001031   0.011071   5.575899 (  3.158213)
  0.001052   0.009304   9.824902 (  3.367568)
  0.001072   0.010158   8.521412 (  3.491242)
  0.001073   0.009096   7.520214 (  3.704308)
  0.000989   0.007008  10.256245 (  3.283613)
  0.001082   0.009028   4.744125 (  3.693877)
  0.001040   0.011640  11.813523 (  3.363524)
  0.000931   0.007580   9.972285 (  3.468766)
  0.002368   0.010097   6.605584 (  3.391749)
  0.001022   0.008389   7.866955 (  3.371454)
  0.000913   0.004998  11.093815 (  3.502017)
  0.000542   0.004817   8.748248 (  3.486194)
  0.000726   0.005295   8.418507 (  3.494853)
  0.000831   0.006065   6.265393 (  3.488380)
  0.000888   0.006008   6.787448 (  3.494381)
  0.000828   0.005039  15.127598 (  3.998223)
  0.000687   0.005044   3.842489 (  3.195104)
  0.001165   0.010750  10.065501 (  3.256188)
  0.000997   0.010341   8.875062 (  3.580677)
  0.000848   0.005753   7.130929 (  3.678547)
  0.001045   0.008227  11.931345 (  3.788197)
  0.000609   0.004319   5.122429 (  3.571998)
  0.000928   0.008788   7.246876 (  3.259797)
  0.000949   0.008426  17.398571 (  6.752867)
  0.000969   0.006113  12.886125 (  3.276513)
  0.001118   0.008785  15.985766 (  3.831846)
  0.001025   0.008171   9.985777 (  3.781907)
  0.000828   0.008798  11.257439 (  4.090030)
  0.000864   0.005957   3.206459 (  3.684634)
  0.001009   0.010207  16.844234 (  3.887217)
  0.000961   0.006638   3.090256 (  3.580568)
  0.001032   0.008858  14.308908 (  3.936590)
  0.000889   0.006810   5.478415 (  3.474706)
  0.000971   0.008239  11.549077 (  3.897431)
  0.000884   0.007408  13.621910 (  3.387914)
  0.000893   0.007332   3.222345 (  3.698773)
  0.000952   0.006885  15.039332 (  3.893956)
  0.000803   0.007092  13.222561 (  6.956845)
  0.000864   0.010020  16.661513 (  3.387162)
  0.000983   0.006985  15.033289 (  6.849461)
  0.000952   0.007191  13.683614 (  3.353419)
  0.000587   0.004970   9.097721 (  3.633298)
  0.001047   0.007408  28.894660 (  6.865318)
  0.000860   0.006356   9.169688 (  4.331785)
  0.001068   0.007243   6.113853 (  3.819755)
  0.000960   0.005462  10.250096 (  3.462069)
  0.001046   0.006750  15.344323 (  3.640172)
  0.000870   0.007006   2.936983 (  3.422642)
  0.001131   0.007636  13.056165 (  3.572933)
  0.000876   0.005539   9.600294 (  3.849483)
  0.000572   0.003660  11.244834 (  3.652579)
  0.000813   0.005736   9.937076 (  3.863741)
  0.001003   0.008246   9.167072 (  3.691510)
  0.001514   0.005724   9.749230 (  3.842818)
  0.000541   0.003111  10.182462 (  3.939755)
  0.000585   0.003748   9.719333 (  3.791222)
  0.000580   0.003065   7.612596 (  3.885196)
  0.000601   0.004039   9.493994 (  3.817187)
  0.000690   0.006122  11.640674 (  3.603057)
  0.001021   0.007140   7.318692 (  3.669843)
  0.001067   0.009615  10.197546 (  3.329152)
  0.000923   0.008097   8.326008 (  3.557424)
  0.000896   0.006586   5.265840 (  3.398645)
  0.001119   0.010859  13.512016 (  4.006480)
  0.001116   0.009447   7.760183 (  3.254459)
  0.000991   0.008436   3.933648 (  3.343445)
  0.000896   0.008900   7.268002 (  3.538030)
  0.001072   0.007382  14.652470 (  3.453165)
  0.001115   0.008561   9.136100 (  3.679273)
  0.000888   0.007910   9.914681 (  3.851664)
  0.000976   0.007013   4.135453 (  3.338262)
  0.001108   0.009669   8.993797 (  3.571414)
  0.001122   0.009467  10.350008 (  2.930314)
  0.001119   0.008713   7.096601 (  3.314610)
  0.000943   0.006412  10.045342 (  3.437672)
  0.001019   0.007905   5.512806 (  3.528784)
  0.000969   0.007290  12.443561 (  3.533728)
  0.000959   0.008950   6.092590 (  3.427962)
  0.000935   0.008713  10.369899 (  3.966433)
  0.000958   0.008938  12.235679 (  3.796596)
  0.001039   0.006939   3.266524 (  3.758163)
  0.000942   0.007586  13.526289 (  6.768070)
  0.001072   0.010059  23.561715 (  3.796965)
  0.000832   0.005587  10.888101 (  4.186509)
  0.000986   0.006581   6.077021 (  3.817439)
  0.000812   0.006492   9.750529 (  3.068742)
  0.000850   0.007835  12.747748 (  3.768229)
  0.001037   0.008477   5.907590 (  3.958194)
  0.001068   0.009098  16.360226 (  4.070896)
  0.000845   0.009321   6.026371 (  3.871995)
  0.001109   0.009383  13.886417 (  3.455186)
  0.000966   0.007610   8.389944 (  6.867973)
  0.000893   0.006783  20.023214 (  4.302597)
  0.000955   0.009015  15.819127 (  3.576733)
  0.000934   0.009648  10.567641 (  4.015380)
  0.001035   0.012506  10.658818 (  3.964999)
  0.000996   0.010222   5.902555 (  3.867815)
  0.000982   0.009861  11.878049 (  3.636235)
  0.002423   0.009850  20.828636 (  6.758269)
  0.001066   0.009388  13.987723 (  4.091328)
  0.001165   0.010742  13.877038 (  3.970156)
  0.000951   0.009125  12.715167 (  4.463638)
  0.000931   0.006023   2.552273 (  3.033954)
  0.000975   0.010151  13.476057 (  3.425617)
  0.000994   0.009078   3.013650 (  3.495418)
  0.000983   0.009488   9.456597 (  3.459592)
  0.001060   0.008662  16.565080 (  3.907159)
  0.000895   0.006092   7.599661 (  3.557155)
  0.000860   0.007811   4.765144 (  3.629128)
  0.001080   0.009198  11.752735 (  3.450204)
  0.001119   0.009963  10.898102 (  3.527691)
  0.001069   0.008273   6.566315 (  3.360919)
  0.001069   0.009049  10.976172 (  3.685201)
  0.001049   0.009737   9.381185 (  3.581911)
  0.001110   0.010181   9.817612 (  3.764288)
  0.001035   0.006724   9.444008 (  3.646005)
  0.000958   0.010119  11.287174 (  3.669934)
  0.001020   0.008183   6.436707 (  3.450879)
  0.000964   0.008168   9.084678 (  3.598751)
  0.001008   0.008255  10.683235 (  3.454805)
  0.000965   0.008199   9.573607 (  3.679730)
  0.001110   0.009491   4.075685 (  3.125339)
  0.001099   0.007736   7.636886 (  3.474292)
  0.001091   0.007121  10.554659 (  3.467631)
  0.001074   0.007801  12.856238 (  3.979475)
  0.000970   0.008015   9.505137 (  3.770031)
  0.001105   0.009471   9.585738 (  3.772048)
  0.001121   0.008786   9.248322 (  3.680014)
  0.001014   0.007419   9.836382 (  3.822784)
  0.001026   0.008058   4.052682 (  3.302184)
  0.000936   0.008147   8.813115 (  3.676898)
  0.001047   0.007351  13.614164 (  3.634910)
  0.000880   0.007177   8.651922 (  3.533096)
  0.000981   0.008055   7.385058 (  3.730873)
  0.000755   0.007265   6.425370 (  3.206091)
  0.000926   0.007563  11.082480 (  3.862027)
  0.001037   0.007849   9.539372 (  3.681898)
  0.001026   0.006982  11.821419 (  3.797985)
  0.000935   0.008010   6.693805 (  3.430633)
  0.000991   0.009047   8.981438 (  3.567481)
  0.001027   0.009076  12.269702 (  3.866838)
  0.000965   0.007757   7.963982 (  3.859520)
  0.000926   0.007106   5.134242 (  3.202243)
  0.001036   0.008544  14.801471 (  4.454013)
  0.001141   0.008345   5.957849 (  3.426432)
  0.000952   0.007518  10.496268 (  3.614851)
  0.000879   0.007664  22.248902 (  6.868936)
  0.000958   0.008612   8.178193 (  3.765355)
  0.000974   0.009214  19.019755 (  6.973947)
  0.000928   0.008178  14.568755 (  3.892681)
  0.000994   0.007230  10.629073 (  3.685821)
  0.001097   0.009220  18.219961 (  6.977789)
  0.000945   0.007253  17.728079 (  3.258407)
  0.000999   0.008554   4.968119 (  3.523239)
  0.001101   0.009313  14.787215 (  4.050435)
  0.000962   0.008423  14.785685 (  6.876316)
  0.000925   0.008070  13.188230 (  3.305438)
  0.001014   0.009282  11.750402 (  6.855157)
  0.000991   0.008738  19.155716 (  3.433710)
  0.001077   0.009171  12.325929 (  6.871364)
  0.001136   0.009575  24.123929 (  3.741402)
  0.000958   0.007888   5.349490 (  3.542778)
  0.000963   0.007722  11.428712 (  3.649317)
  0.000940   0.007793  15.611877 (  4.118119)
  0.001052   0.008880   3.471808 (  3.974601)
  0.000999   0.008478  10.857889 (  3.431198)
  0.001013   0.006979  12.425521 (  6.854709)
  0.001094   0.008394  24.691277 (  3.856678)
  0.000721   0.007858   4.892943 (  3.474041)
  0.000760   0.008748  12.706087 (  6.985394)
  0.000996   0.007051  22.584333 (  3.355864)
  0.000877   0.005554   9.542964 (  3.650475)
  0.000969   0.008084  11.379614 (  3.698171)
  0.000700   0.007151   5.216637 (  3.363643)
  0.000895   0.006543  12.619746 (  3.737272)
  0.001021   0.008700   9.114209 (  3.676900)
  0.000971   0.007475   9.421140 (  3.696338)
  0.000960   0.009378   6.981083 (  3.527592)
  0.001080   0.010215   9.056748 (  3.520121)
  0.000968   0.008306   8.688659 (  3.444170)
  0.000729   0.007409  10.992840 (  3.528497)
  0.000924   0.006649   8.909420 (  3.568026)
  0.001058   0.008045   5.939179 (  3.414675)
  0.000823   0.007004   6.904319 (  3.242680)
  0.001044   0.009127  11.023796 (  3.718407)
  0.000904   0.009692  12.531280 (  3.965896)
  0.000966   0.006968   6.812034 (  3.470698)
  0.002230   0.008810   6.182435 (  3.354176)
  0.001015   0.007440   8.728127 (  3.230971)
  0.001034   0.008306  10.003729 (  3.428626)
  0.001009   0.007661  12.524005 (  4.008220)
  0.000949   0.009889   8.938426 (  3.656534)
  0.000883   0.006858   4.893562 (  3.219282)
  0.001008   0.009184  11.974620 (  3.632133)
  0.000993   0.007184   2.961720 (  3.459905)
  0.000965   0.009614  14.820003 (  3.533614)
  0.000937   0.007377   7.709692 (  3.246340)
  0.000986   0.007593   8.397895 (  3.471883)
  0.000766   0.007684   9.014596 (  3.619603)
  0.001036   0.007286   9.762175 (  3.788229)
  0.001013   0.008617   3.267574 (  3.762770)
  0.000929   0.008863  10.437396 (  3.749035)
  0.000953   0.009116  10.626215 (  4.205797)
  0.001053   0.009927  20.384563 (  6.776855)
  0.001116   0.009102  22.515716 (  4.409006)
  0.000953   0.007679   3.948402 (  4.440982)
  0.001073   0.009792  12.507057 (  3.791760)
  0.001071   0.010211  13.731925 (  6.982902)
  0.000956   0.006252  20.282892 (  3.989621)
  0.001126   0.010436  10.758305 (  3.641530)
  0.000922   0.008532   9.854618 (  3.760905)
  0.001102   0.007439  14.890227 (  3.826358)
  0.001045   0.009341   5.092399 (  3.100849)
  0.001086   0.010819   8.225393 (  3.543637)
  0.000999   0.009031   9.419895 (  3.522203)
  0.000905   0.008679  17.997565 (  6.762518)
  0.001000   0.008338  21.004064 (  4.090941)
  0.000971   0.006560   3.818501 (  4.306569)
  0.001078   0.007969  13.936057 (  3.898054)
  0.000983   0.009707  17.606666 (  6.875319)
  0.000870   0.007720  13.098967 (  3.248777)
  0.000954   0.007371   8.482884 (  3.578656)
  0.000887   0.007734  13.075588 (  6.971303)
  0.000917   0.008138  27.704128 (  4.076372)
  0.001020   0.007966  10.084641 (  3.837922)
  0.001034   0.008592   5.025712 (  3.791648)
  0.000872   0.008010  17.079740 (  6.972202)
  0.000946   0.008107  19.300066 (  3.912839)
  0.000933   0.006451   8.845488 (  6.883422)
  0.000952   0.009121  22.786002 (  6.999415)
  0.001035   0.008434  26.770203 (  3.908195)
  0.001905   0.010151  10.880325 (  4.011459)
  0.001046   0.008857   6.219945 (  3.319552)
  0.001048   0.008100   9.035363 (  3.623952)
  0.001037   0.007659   7.994351 (  3.208364)
  0.000980   0.008024  10.026050 (  3.379700)
  0.001058   0.008439   7.332654 (  3.678708)
  0.001079   0.007477   6.870585 (  3.639145)
  0.000984   0.007580  12.594923 (  3.861260)
  0.001006   0.007168  11.989835 (  3.796572)
  0.000956   0.009628   9.147364 (  3.627696)
  0.000914   0.005298   5.349081 (  3.440543)
  0.000963   0.007761  13.532815 (  3.875486)
  0.001094   0.008874   7.745937 (  3.308984)
  0.000736   0.007400   2.839134 (  3.320174)
  0.001117   0.007570  15.415528 (  3.793404)
  0.000909   0.007951   7.080317 (  3.562742)
  0.001111   0.008973   8.968939 (  3.554633)
  0.001161   0.007759  10.267403 (  3.382677)
  0.000898   0.008517   5.517083 (  3.239495)
  0.000897   0.006881   6.679787 (  3.508828)
  0.001026   0.007804  11.966935 (  3.754921)
  0.001000   0.009600  11.089464 (  3.592971)
  0.000923   0.006439   7.509605 (  3.846197)
  0.000981   0.008454   8.951660 (  3.383123)
  0.001091   0.009254   9.222146 (  3.739847)
  0.000942   0.009736  10.960110 (  3.455054)
  0.000998   0.010487   7.547805 (  3.788246)
  0.000864   0.007049  10.080842 (  3.302883)
  0.000917   0.007094   7.660733 (  3.824389)